id:0 N:         3         5         6        10

-> 0 3 0 0 0 
-> 0 5 0 0 0 
-> 0 5 6 0 0 
-> 0 6 0 0 0 
-> 0 6 5 0 0 
-> 0 10 0 0 0 
-> 0 10 8 0 0 
-> 0 10 8 11 0 
-> 0 10 8 11 4 
-> 0 10 8 11 9 
id:1 N:         2        12

-> 1 2 0 0 0 
-> 1 2 9 0 0 
-> 1 2 9 11 0 
-> 1 2 9 11 4 
-> 1 2 9 11 8 
-> 1 2 12 0 0 
-> 1 12 0 0 0 
-> 1 12 2 0 0 
-> 1 12 2 9 0 
-> 1 12 2 9 11 
id:2 N:         1         9        12

-> 2 1 0 0 0 
-> 2 1 12 0 0 
-> 2 9 0 0 0 
-> 2 9 11 0 0 
-> 2 9 11 4 0 
-> 2 9 11 4 7 
-> 2 9 11 8 0 
-> 2 9 11 8 10 
-> 2 12 0 0 0 
-> 2 12 1 0 0 
id:3 N:        0

id:4 N:         7        11

-> 4 7 0 0 0 
-> 4 11 0 0 0 
-> 4 11 8 0 0 
-> 4 11 8 10 0 
-> 4 11 9 0 0 
-> 4 11 9 2 0 
-> 4 11 9 2 1 
-> 4 11 9 2 12 
id:5 N:        0        6

-> 5 6 0 0 0 
id:6 N:        0        5

-> 6 5 0 0 0 
id:7 N:        4

-> 7 4 0 0 0 
-> 7 4 11 0 0 
-> 7 4 11 8 0 
-> 7 4 11 8 10 
-> 7 4 11 9 0 
-> 7 4 11 9 2 
id:8 N:        10        11

-> 8 10 0 0 0 
-> 8 11 0 0 0 
-> 8 11 4 0 0 
-> 8 11 4 7 0 
-> 8 11 9 0 0 
-> 8 11 9 2 0 
-> 8 11 9 2 1 
-> 8 11 9 2 12 
id:9 N:         2        11

-> 9 2 0 0 0 
-> 9 2 1 0 0 
-> 9 2 1 12 0 
-> 9 2 12 0 0 
-> 9 2 12 1 0 
-> 9 11 0 0 0 
-> 9 11 4 0 0 
-> 9 11 4 7 0 
-> 9 11 8 0 0 
-> 9 11 8 10 0 
id:10 N:        0        8

-> 10 8 0 0 0 
-> 10 8 11 0 0 
-> 10 8 11 4 0 
-> 10 8 11 4 7 
-> 10 8 11 9 0 
-> 10 8 11 9 2 
id:11 N:        4        8        9

-> 11 4 0 0 0 
-> 11 4 7 0 0 
-> 11 8 0 0 0 
-> 11 8 10 0 0 
-> 11 9 0 0 0 
-> 11 9 2 0 0 
-> 11 9 2 1 0 
-> 11 9 2 1 12 
-> 11 9 2 12 0 
-> 11 9 2 12 1 
id:12 N:        1        2

-> 12 1 0 0 0 
-> 12 1 2 0 0 
-> 12 1 2 9 0 
-> 12 1 2 9 11 
-> 12 2 0 0 0 
-> 12 2 1 0 0 
-> 12 2 9 0 0 
-> 12 2 9 11 0 
-> 12 2 9 11 4 
-> 12 2 9 11 8 
s:
         0        10         8        11         4
         0        10         8        11         9
         1         2         9        11         4
         1         2         9        11         8
         1        12         2         9        11
         2         9        11         4         7
         2         9        11         8        10
         4        11         9         2         1
         4        11         9         2        12
         7         4        11         8        10
         7         4        11         9         2
         8        11         9         2         1
         8        11         9         2        12
        10         8        11         4         7
        10         8        11         9         2
        11         9         2         1        12
        11         9         2        12         1
        12         1         2         9        11
        12         2         9        11         4
        12         2         9        11         8

